(200, 3)
Train dataset: 200
Valid dataset: 200
Test dataset: 200
Start the training ...
  1/ 10|   1|   2.19   2.19 |   0.48
  1/ 10|   2|   2.11   2.15 |   0.52
  1/ 10|   3|   1.86   2.05 |   0.49
  1/ 10|   4|   1.94   2.02 |   0.49
Validation results:
{ 0.49    ,  0.488549,  0.767117,  0.456919,  0.49    ,  0.404102,
  0.57392 }
  2/ 10|   1|   2.18   2.18 |   0.48
  2/ 10|   2|   2.10   2.14 |   0.52
  2/ 10|   3|   1.85   2.05 |   0.49
  2/ 10|   4|   1.94   2.02 |   0.49
Validation results:
{ 0.49    ,  0.488549,  0.767117,  0.456919,  0.49    ,  0.404102,
  0.57392 }
  3/ 10|   1|   2.18   2.18 |   0.48
  3/ 10|   2|   2.10   2.14 |   0.52
  3/ 10|   3|   1.85   2.04 |   0.49
  3/ 10|   4|   1.94   2.02 |   0.49
Validation results:
{ 0.49    ,  0.488549,  0.767117,  0.456919,  0.49    ,  0.404102,
  0.57392 }
  4/ 10|   1|   2.17   2.17 |   0.48
  4/ 10|   2|   2.10   2.14 |   0.52
  4/ 10|   3|   1.84   2.04 |   0.49
  4/ 10|   4|   1.93   2.01 |   0.49
Validation results:
{ 0.49    ,  0.488549,  0.767117,  0.456919,  0.49    ,  0.404102,
  0.57392 }
  5/ 10|   1|   2.17   2.17 |   0.48
  5/ 10|   2|   2.09   2.13 |   0.52
  5/ 10|   3|   1.84   2.03 |   0.49
  5/ 10|   4|   1.93   2.01 |   0.49
Validation results:
{ 0.49    ,  0.488549,  0.767117,  0.456919,  0.49    ,  0.404102,
  0.57392 }
  6/ 10|   1|   2.17   2.17 |   0.48
  6/ 10|   2|   2.09   2.13 |   0.52
  6/ 10|   3|   1.83   2.03 |   0.49
  6/ 10|   4|   1.93   2.00 |   0.49
Validation results:
{ 0.49    ,  0.488549,  0.767117,  0.456919,  0.49    ,  0.404102,
  0.57392 }
  7/ 10|   1|   2.16   2.16 |   0.48
  7/ 10|   2|   2.08   2.12 |   0.52
  7/ 10|   3|   1.83   2.03 |   0.49
  7/ 10|   4|   1.92   2.00 |   0.49
Validation results:
{ 0.49    ,  0.488549,  0.767117,  0.456919,  0.49    ,  0.404102,
  0.57392 }
  8/ 10|   1|   2.16   2.16 |   0.48
  8/ 10|   2|   2.08   2.12 |   0.52
  8/ 10|   3|   1.82   2.02 |   0.49
  8/ 10|   4|   1.92   2.00 |   0.49
Validation results:
{ 0.49    ,  0.488549,  0.767117,  0.456919,  0.49    ,  0.404102,
  0.57392 }
  9/ 10|   1|   2.15   2.15 |   0.48
  9/ 10|   2|   2.08   2.11 |   0.52
  9/ 10|   3|   1.82   2.02 |   0.49
  9/ 10|   4|   1.91   1.99 |   0.49
Validation results:
{ 0.49    ,  0.488549,  0.767117,  0.456919,  0.49    ,  0.404102,
  0.57392 }
 10/ 10|   1|   2.15   2.15 |   0.48
 10/ 10|   2|   2.07   2.11 |   0.52
 10/ 10|   3|   1.82   2.01 |   0.49
 10/ 10|   4|   1.91   1.99 |   0.49
Validation results:
{ 0.49    ,  0.488549,  0.767117,  0.456919,  0.49    ,  0.404102,
  0.57392 }
End the training ...
Evaluation result on the testing dataset:
{ 0.49    ,  0.488549,  0.767117,  0.456919,  0.49    ,  0.404102,
  0.57392 }